1
10
10687
10701
10735
10804
10805
10806
10807
1088
10892
10893
10894
1094
11
110
111
11108
11166
112
11376
114
11472
115
11520
11529
11557
116
11621
11622
11624
11625
11638
11656
11659
11662
11666
11675
11676
11703
11730
119
12
120
121
1240
1244
1250
1251
1266
127
128
129
1299
13
1300
1301
139
142
1425
1477
1484
15
16
17
1786
18
1812
189
191
196
1969
1974
1975
1989
1991
1993
1994
1997
2
20
2000
2059
2076
2077
2084
2085
2095
2097
2098
21
2100
2103
2116
2122
2126
2129
213
2152
2157
2160
2166
217
2175
218
219
2190
2197
22
220
2209
221
2212
2213
222
2221
223
2233
2237
2238
2239
224
2241
2246
2249
2252
2253
2256
2265
2275
2284
2286
2289
229
2292
23
230
232
2328
2336
237
238
239
240
2408
2409
241
242
243
244
245
246
247
248
249
25
250
251
252
253
254
255
256
26
265
268
269
27
270
271
272
28
282
292
2947
3
30
31
32
33
343
344
35
36
360
37
38
382
395
4
40
41
42
423
4248
43
45
46
465
47
474
48
488
50
51
52
527
53
55
56
57
5781
5782
5786
5787
5788
5789
5790
5791
5792
5793
5794
5795
5796
5797
5798
5799
58
593
595
597
598
6
60
601
602
61
62
63
65
66
67
68
70
7029
7245
745
7466
7485
7502
753
7550
758
7583
7589
7605
768
7684
769
779
7846
7877
789
792
7920
7977
8
8076
8097
81
82
8225
83
830
8301
853
855
857
858
859
860
861
8627
866
867
868
869
87
8714
873
874
876
8787
8788
88
8871
89
8927
8930
8931
8933
8946
8959
8966
8976
9
90
9055
9069
9090
9095
91
9123
9169
92
9238
9279
929
acpi
asound
buddyinfo
bus
cgroups
cmdline
consoles
cpuinfo
crypto
devices
diskstats
dma
driver
dynamic_debug
execdomains
fb
filesystems
fs
interrupts
iomem
ioports
irq
kallsyms
kcore
keys
key-users
kmsg
kpagecgroup
kpagecount
kpageflags
loadavg
locks
mdstat
meminfo
misc
modules
mounts
mtrr
net
pagetypeinfo
partitions
pressure
sched_debug
schedstat
self
slabinfo
softirqs
stat
swaps
sys
sysrq-trigger
sysvipc
thread-self
timer_list
tty
uptime
version
vmallocinfo
vmstat
zoneinfo
